           1   9.7474307744553450E-004   2.8498449631816610E-004           1
           2   1.9512968753329072E-003   5.8125714127564110E-004           1
           3   2.9254853545784909E-003   8.8765052966406708E-004           1
           4   3.8931523341692695E-003   1.2029583242494449E-003           1
           5   4.8501827998326339E-003   1.5259412573174372E-003           1
           6   5.7925236942795270E-003   1.8553332753161720E-003           1
           7   6.7162039540970449E-003   2.1898477525242621E-003           1
           8   7.6173535796047742E-003   2.5281837001817479E-003           1
           9   8.4922215516016648E-003   2.8690319003344599E-003           1
          10   9.3371924416465798E-003   3.2110808985784567E-003           1
          11   1.0148801598858701E-002   3.5530227966757322E-003           1
          12   1.0978212056982259E-002   3.0015463830720115E-003           1
          13   1.1767607559337647E-002   2.4507766433085857E-003           1
          14   1.2513827739871338E-002   1.9028218258537418E-003           1
          15   1.3213915482502203E-002   1.3597767786834121E-003           1
          16   1.3865125808856698E-002   8.2371422045631880E-004           1
          17   1.4464933148214704E-002   2.9667641163478513E-004           1
          18   1.5011037097404926E-002  -2.1933273598558403E-004           1
          19   1.5501366803776277E-002  -7.2235508834023112E-004           1
          20   1.5934084123104836E-002  -1.2104852484420140E-003           1
          21   1.6307585716178630E-002  -1.6818770511066309E-003           1
          22   1.6620504252913507E-002  -2.1347496098902399E-003           1
          23   1.7203763730220211E-002  -1.3215920740572255E-003           1
          24   1.7723104639542124E-002  -4.9134676766017277E-004           1
          25   1.8176584152970580E-002   3.5280400388948760E-004           1
          26   1.8562524334693600E-002   1.2076503414274202E-003           1
          27   1.8879514204757038E-002   2.0699675808452957E-003           1
          28   1.9126410957784799E-002   2.9365286459983059E-003           1
          29   1.9302340473052293E-002   3.8041158916998514E-003           1
          30   1.9406697242308365E-002   4.6695324161157292E-003           1
          31   1.9439143827274775E-002   5.5296128339683108E-003           1
          32   1.9399609940490180E-002   6.3812335126585979E-003           1
          33   1.9288291221859082E-002   7.2213222825914828E-003           1
          34   1.9089585938796526E-002   6.2163362235749860E-003           1
          35   1.8820177383564073E-002   5.2003886923476204E-003           1
          36   1.8480960108632524E-002   4.1771424992326171E-003           1
          37   1.8073103384837478E-002   3.1503292487490104E-003           1
          38   1.7598051997236113E-002   2.1237360959865917E-003           1
          39   1.7057526017649566E-002   1.1011913588336731E-003           1
          40   1.6453519370227734E-002   8.6549036802525031E-005           1
          41   1.5788297012056276E-002  -9.1632768402336810E-004           1
          42   1.5064390564185660E-002  -1.9035838313077652E-003           1
          43   1.4284592249452461E-002  -2.8713908149671482E-003           1
          44   1.3451947021684257E-002  -3.8159651999591575E-003           1
          45   1.3001429997269666E-002  -4.7194214554373152E-003           1
          46   1.2503184774911708E-002  -5.5923847121817803E-003           1
          47   1.1959241500670171E-002  -6.4314213568581113E-003           1
          48   1.1371821713914895E-002  -7.2332212323490139E-003           1
          49   1.0743329508603221E-002  -7.9946128192847112E-003           1
          50   1.0076341855822412E-002  -8.7125777405383017E-003           1
          51   9.3735981325990675E-003  -9.3842645005354549E-003           1
          52   8.6379889086168130E-003  -1.0007001381851590E-002           1
          53   7.8725440482193994E-003  -1.0578308432519815E-002           1
          54   7.0804201897685937E-003  -1.1095908488442715E-002           1
          55   6.2648876679854346E-003  -1.1557737186008997E-002           1
          56   5.3596015768774185E-003  -1.1998519322115259E-002           1
          57   4.4380228817601057E-003  -1.2379929679787146E-002           1
          58   3.5039688884561907E-003  -1.2700449652443617E-002           1
          59   2.5613122710054356E-003  -1.2958806255374936E-002           1
          60   1.6139645285544980E-003  -1.3153977307719613E-002           1
          61   6.6585933466421223E-004  -1.3285195395564711E-002           1
          62  -2.7906413268979631E-004  -1.3351950627578754E-002           1
          63  -1.2168777977747403E-003  -1.3353992202108219E-002           1
          64  -2.1436811541640727E-003  -1.3291328810765392E-002           1
          65  -3.0556175227962265E-003  -1.3164227908197450E-002           1
          66  -3.9488900385895344E-003  -1.2973213880997767E-002           1
          67  -4.7748641590807210E-003  -1.2374928992996507E-002           1
          68  -5.5749811059735664E-003  -1.1715841406675481E-002           1
          69  -6.3458668261999049E-003  -1.0998530116715494E-002           1
          70  -7.0842606838027924E-003  -1.0225810822749686E-002           1
          71  -7.7870307745136584E-003  -9.4007242444353253E-003           1
          72  -8.4511888971682599E-003  -8.5265230521561451E-003           1
          73  -9.0739050595223664E-003  -7.6066574506712236E-003           1
          74  -9.6525213929633345E-003  -6.6447594761344974E-003           1
          75  -1.0184565350444545E-002  -5.6446260907019770E-003           1
          76  -1.0667762064856069E-002  -4.6102011826342180E-003           1
          77  -1.1100045751020370E-002  -3.5455566025672743E-003           1
          78  -1.1570375598817484E-002  -2.6520275294011218E-003           1
          79  -1.1985970012852357E-002  -1.7359657122043687E-003           1
          80  -1.2345088256319992E-002  -8.0095011820754622E-004           1
          81  -1.2646232089382689E-002   1.4938463591070522E-004           1
          82  -1.2888151759408788E-002   1.1113647047208937E-003           1
          83  -1.3069850786540221E-002   2.0812933104688231E-003           1
          84  -1.3190589553130959E-002   3.0554668032050369E-003           1
          85  -1.3249887713824769E-002   4.0301903800350142E-003           1
          86  -1.3247525449621196E-002   5.0017933675652292E-003           1
          87  -1.3183543594143305E-002   5.9666439812387454E-003           1
          88  -1.3058242663481536E-002   6.9211634855789088E-003           1
          89  -1.2937042089596684E-002   7.9211026141635214E-003           1
          90  -1.2755637509378808E-002   8.9035562992325328E-003           1
          91  -1.2514838219678670E-002   9.8649807634681730E-003           1
          92  -1.2215701360590797E-002   1.0801942535686768E-002           1
          93  -1.1859526415425975E-002   1.1711129380842882E-002           1
          94  -1.1447848806881853E-002   1.2589360213104141E-002           1
          95  -1.0982432631892877E-002   1.3433593999370684E-002           1
          96  -1.0465262573194979E-002   1.4240937674000160E-002           1
          97  -9.8985350213061426E-003   1.5008653097499776E-002           1
          98  -9.2846484368520922E-003   1.5734163102429855E-002           1
          99  -8.6261929803606741E-003   1.6415056678637442E-002           1
         100  -7.8788376737856311E-003   1.7094677460132542E-002           1
         101  -7.0928221210108545E-003   1.7725228096984621E-002           2
         102  -6.2714400248602992E-003   1.8304677531568097E-002           2
         103  -5.4182092076601289E-003   1.8831384719965084E-002           2
         104  -4.5366714824616253E-003   1.9303665954180867E-002           2
         105  -3.6304839608254811E-003   1.9720028775528808E-002           2
         106  -2.7034023883405721E-003   2.0079172564848993E-002           2
         107  -1.7592642511708417E-003   2.0379988727058772E-002           2
         108  -8.0197170645232270E-004   2.0621560546771008E-002           2
         109   1.6452559771586668E-004   2.0803162784723845E-002           2
         110   1.1362477362117085E-003   2.0924261077607385E-002           2
         111   2.1348088289303295E-003   2.1055460964844598E-002           2
         112   3.1305095379426050E-003   2.1125455602730811E-002           2
         113   4.1192815086733940E-003   2.1134079065561577E-002           2
         114   5.0970972561259114E-003   2.1081355012189558E-002           2
         115   6.0599866614878626E-003   2.0967495094948187E-002           2
         116   7.0040528428859357E-003   2.0792897380552240E-002           2
         117   7.9254873354753855E-003   2.0558144808617649E-002           2
         118   8.8205845308095224E-003   2.0264003700674688E-002           2
         119   9.6857553416902654E-003   1.9911422319778306E-002           2
         120   1.0517540075899086E-002   1.9501529468270086E-002           2
         121   1.1312620519799995E-002   1.9035633099161193E-002           2
         122   1.2295529595478588E-002   1.8880620640812095E-002           2
         123   1.3234749664880511E-002   1.8671704039168371E-002           2
         124   1.4126659312684297E-002   1.8409663365522123E-002           2
         125   1.4967844021646132E-002   1.8095440147335988E-002           2
         126   1.5755103821614810E-002   1.7730132928929224E-002           2
         127   1.6485459734964250E-002   1.7314993271401867E-002           2
         128   1.7156159190649820E-002   1.6851422139424480E-002           2
         129   1.7764680583841407E-002   1.6340966623079219E-002           2
         130   1.8308737160403959E-002   1.5785316940192248E-002           2
         131   1.8786280403843936E-002   1.5186303658946937E-002           2
         132   1.9195503096323230E-002   1.4545895073071174E-002           2
         133   1.9963140266847409E-002   1.3911526504500303E-002           2
         134   2.0658110039722517E-002   1.3240043102177716E-002           2
         135   2.1277907555874852E-002   1.2533742424781686E-002           2
         136   2.1820308283901177E-002   1.1795036856828657E-002           2
         137   2.2283368854527100E-002   1.1026447957035083E-002           2
         138   2.2665427604286310E-002   1.0230600830380977E-002           2
         139   2.2965105043159979E-002   9.4102184598220794E-003           2
         140   2.3181304433218881E-002   8.5681159275389010E-003           2
         141   2.3313212633673256E-002   7.7071944501714753E-003           2
         142   2.3360301334133547E-002   6.8304351480065256E-003           2
         143   2.3322328765085183E-002   5.9408924646431136E-003           2
         144   2.4070092053699754E-002   5.3055933905914194E-003           2
         145   2.4730412851037421E-002   4.6629270884308398E-003           2
         146   2.5301189318227363E-002   4.0152047108361882E-003           2
         147   2.5780638711711327E-002   3.3647462753230756E-003           2
         148   2.6167290357637728E-002   2.7138744398401016E-003           2
         149   2.6459979112163082E-002   2.0649087805996030E-003           2
         150   2.6657839549685237E-002   1.4201604527172606E-003           2
         151   2.6760301112373815E-002   7.8192712948364567E-004           2
         152   2.6767084418552734E-002   1.5248812098426947E-004           2
         153   2.6678198876655668E-002  -4.6590042598652600E-004           2
         154   2.6493941692918129E-002  -1.0710103441236348E-003           2
         155   2.6081040768879387E-002  -2.0058342496467557E-003           2
         156   2.5574660800194774E-002  -2.9217624661300430E-003           2
         157   2.4976422081301471E-002  -3.8154070150745907E-003           2
         158   2.4288262170681776E-002  -4.6834249267223458E-003           2
         159   2.3512440224782341E-002  -5.5225301550041357E-003           2
         160   2.2651541329588448E-002  -6.3295063291495491E-003           2
         161   2.1708480695459012E-002  -7.1012205071675051E-003           2
         162   2.0686507714829310E-002  -7.8346382215375883E-003           2
         163   1.9589210092845658E-002  -8.5268403530932221E-003           2
         164   1.8420518518982479E-002  -9.1750428034633666E-003           2
         165   1.7184712527788790E-002  -9.7766206141145732E-003           2
         166   1.6233445796743757E-002  -1.0171097366569419E-002           2
         167   1.5223350069976736E-002  -1.0514933201532952E-002           2
         168   1.4158385927184419E-002  -1.0806785699993529E-002           2
         169   1.3042837606380642E-002  -1.1045595714752460E-002           2
         170   1.1881325961602867E-002  -1.1230647622987039E-002           2
         171   1.0678815967642910E-002  -1.1361648849443351E-002           2
         172   9.4406075991316802E-003  -1.1438827867302213E-002           2
         173   8.1722928775671694E-003  -1.1463041365031096E-002           2
         174   6.8796585765173827E-003  -1.1435867711191565E-002           2
         175   5.5685192060785033E-003  -1.1359648001346459E-002           2
         176   4.2444841938082028E-003  -1.1237425569986680E-002           2
         177   3.5603709112890245E-003  -1.0468334952733215E-002           2
         178   2.8721335521085887E-003  -9.6656837075761934E-003           2
         179   2.1830399247768678E-003  -8.8400193330129481E-003           2
         180   1.4954903529309103E-003  -8.0031087807573165E-003           2
         181   8.1041215833698701E-004  -7.1670500413654886E-003           2
         182   1.2671011868331826E-004  -6.3430065331601332E-003           2
         183  -5.5902373467916610E-004  -5.5398376811889409E-003           2
         184  -1.2523723198702094E-003  -4.7629946437394710E-003           2
         185  -1.9604681909325280E-003  -4.0139806526584840E-003           2
         186  -2.6909461518410849E-003  -3.2904871593059893E-003           2
         187  -3.4506284140486316E-003  -2.5871276758211055E-003           2
         188  -2.6016548863777964E-003  -2.0717605796146368E-003           2
         189  -1.7888819775608955E-003  -1.5709494610686575E-003           2
         190  -1.0101056012703760E-003  -1.0835257255314042E-003           2
         191  -2.5903592554332234E-004  -6.0563087920584475E-004           2
         192   4.7378480671594561E-004  -1.3123221241344708E-004           2
         193   1.1998743855623697E-003   3.4721483400691104E-004           2
         194   1.9316496738882515E-003   8.3804217656201739E-004           2
         195   2.6812334928571864E-003   1.3495940292649728E-003           2
         196   3.4591960050751928E-003   1.8893766334686737E-003           2
         197   4.2732369480593044E-003   2.4631335763079503E-003           2
         198   5.1269477429785985E-003   3.0739386468448785E-003           2
         199   5.9661928657511369E-003   3.6834829800069676E-003           2
         200   6.8378411613186085E-003   4.3263421999098252E-003           2
         201   7.7322161800646794E-003   4.9963381938056290E-003           3
         202   8.6372784493435172E-003   5.6854892167293985E-003           3
         203   9.5404555746393289E-003   6.3850639303122767E-003           3
         204   1.0429804899157223E-002   7.0868375558892074E-003           3
         205   1.1295037132046040E-002   7.7836014727456805E-003           3
         206   1.2127775745907324E-002   8.4693838978309975E-003           3
         207   1.2921397266878718E-002   9.1393695853705277E-003           3
         208   1.3670688242896087E-002   9.7896792739423054E-003           3
         209   1.4371488565133156E-002   1.0417129488028526E-002           3
         210   1.5315820700273392E-002   1.0688226495577290E-002           3
         211   1.6204268922005906E-002   1.0932595728099943E-002           3
         212   1.7033292003986671E-002   1.1149317741047250E-002           3
         213   1.7799727200711896E-002   1.1337661882136864E-002           3
         214   1.8500743627820830E-002   1.1497044413592485E-002           3
         215   1.9133814957202240E-002   1.1627004735054543E-002           3
         216   1.9696703297497245E-002   1.1727191656778480E-002           3
         217   2.0187449225797030E-002   1.1797355118493150E-002           3
         218   2.0604365128976884E-002   1.1837340857868316E-002           3
         219   2.0946030374895834E-002   1.1847086728068855E-002           3
         220   2.1211287610922048E-002   1.1826620007258742E-002           3
         221   2.1481168569595518E-002   1.0848854041106457E-002           3
         222   2.1672673567849861E-002   9.8442879675959584E-003           3
         223   2.1785008985287596E-002   8.8163405657483915E-003           3
         224   2.1817662281704262E-002   7.7685439475664829E-003           3
         225   2.1770405939996074E-002   6.7045350491197666E-003           3
         226   2.1643301751370612E-002   5.6280461621884860E-003           3
         227   2.1436705551234246E-002   4.5428943984207413E-003           3
         228   2.1151272557423995E-002   3.4529699444733430E-003           3
         229   2.0787963521719924E-002   2.3622229013370542E-003           3
         230   2.0348051963456480E-002   1.2746483878523097E-003           3
         231   1.9833132768613322E-002   1.9426941279612715E-004           3
         232   1.9430012344670632E-002  -7.4226186815654874E-004           3
         233   1.8955366480023404E-002  -1.6640554982120604E-003           3
         234   1.8411062213219597E-002  -2.5676416266229608E-003           3
         235   1.7799284645386250E-002  -3.4496137988604598E-003           3
         236   1.7122543773387660E-002  -4.3066545383698132E-003           3
         237   1.6383680158033924E-002  -5.1355652645149463E-003           3
         238   1.5585867421344981E-002  -5.9333009350111300E-003           3
         239   1.4732608573526040E-002  -6.6970090722034319E-003           3
         240   1.3827722251691465E-002  -7.4240715389850137E-003           3
         241   1.2875314535995851E-002  -8.1121455494487550E-003           3
         242   1.1879732673311754E-002  -8.7591981637377778E-003           3
         243   1.0999852907557613E-002  -9.2683675560696621E-003           3
         244   1.0085270972545499E-002  -9.7336657684181892E-003           3
         245   9.1400231625985220E-003  -1.0154256849997198E-002           3
         246   8.1681711566656146E-003  -1.0529602205955637E-002           3
         247   7.1737386726487213E-003  -1.0859427810647250E-002           3
         248   6.1606533700490750E-003  -1.1143671694233075E-002           3
         249   5.1327019949014459E-003  -1.1382414385798491E-002           3
         250   4.0935061613320339E-003  -1.1575798644917687E-002           3
         251   3.0465236724581961E-003  -1.1723947979713168E-002           3
         252   1.9950761652418833E-003  -1.1826895159521596E-002           3
         253   9.4239898153794510E-004  -1.1884531461756434E-002           3
         254   1.9540210091571462E-003  -1.1887093875839314E-002           3
         255   2.9645100297510975E-003  -1.1843809838735961E-002           3
         256   3.9706794091995999E-003  -1.1754325130653609E-002           3
         257   4.9692336035982443E-003  -1.1618235601339273E-002           3
         258   5.9567456938170770E-003  -1.1435143228385266E-002           3
         259   6.9296535745069507E-003  -1.1204719895872723E-002           3
         260   7.8842746134197839E-003  -1.0926771268033342E-002           3
         261   8.8168359801159731E-003  -1.0601294123577770E-002           3
         262   9.7235161346842583E-003  -1.0228522405889640E-002           3
         263   1.0600492335941493E-002  -9.8089594996182399E-003           3
         264   1.1443989356740812E-002  -9.3433963646483969E-003           3
         265   1.2421353898114435E-002  -9.4944621923457231E-003           3
         266   1.3356467762065396E-002  -9.5988087729583036E-003           3
         267   1.4244851851370831E-002  -9.6553250095314982E-003           3
         268   1.5082539968129723E-002  -9.6634136528333039E-003           3
         269   1.5865995789728707E-002  -9.6228672986604039E-003           3
         270   1.6592050772824718E-002  -9.5337858520860991E-003           3
         271   1.7257861088935220E-002  -9.3965228352878676E-003           3
         272   1.7860879148452136E-002  -9.2116504980978495E-003           3
         273   1.8398835329475484E-002  -8.9799366847276643E-003           3
         274   1.8869726490821900E-002  -8.7023288715904965E-003           3
         275   1.9271808902311179E-002  -8.3799425322325580E-003           3
         276   1.9974046510537143E-002  -7.6666136901258411E-003           3
         277   2.0603392278714345E-002  -6.9125694119159201E-003           3
         278   2.1157535683735691E-002  -6.1207345555467215E-003           3
         279   2.1634450754479340E-002  -5.2941564010231439E-003           3
         280   2.2032396616417371E-002  -4.4359916102640722E-003           3
         281   2.2349918129370153E-002  -3.5494937028462247E-003           3
         282   2.2585846652232539E-002  -2.6380008806973967E-003           3
         283   2.2739300974009582E-002  -1.7049240803338581E-003           3
         284   2.2809688445736269E-002  -7.5373515971592132E-004           3
         285   2.2796706333969640E-002   2.1204485537338122E-004           3
         286   2.2700343395504405E-002   1.1888575290070636E-003           3
         287   2.2517990165958027E-002   2.1936768465382912E-003           3
         288   2.2253124761519808E-002   3.2022720806499268E-003           3
         289   2.1906631826615827E-002   4.2109698184904336E-003           3
         290   2.1479695832702421E-002   5.2161086172152109E-003           3
         291   2.0973802609336720E-002   6.2140518865905423E-003           3
         292   2.0390740386534909E-002   7.2012009975352242E-003           3
         293   1.9732600105216762E-002   8.1740086116593134E-003           3
         294   1.9001774711016422E-002   9.1289921967528404E-003           3
         295   1.8200957114439968E-002   1.0062747643491923E-002           3
         296   1.7333136503248449E-002   1.0971962820897732E-002           3
         297   1.6401592794241249E-002   1.1853430794569976E-002           3
         298   1.5708947686621559E-002   1.2601572777088139E-002           3
         299   1.4958826419213820E-002   1.3316281749876599E-002           3
         300   1.4154156476296243E-002   1.3995089224691976E-002           3
         301   1.3298107055093237E-002   1.4635661351131963E-002           4
         302   1.2394092096349797E-002   1.5235804517374874E-002           4
         303   1.1453239116215997E-002   1.5809843459533998E-002           4
         304   1.0477500817838754E-002   1.6355349127782616E-002           4
         305   9.4692775243852226E-003   1.6869446236983898E-002           4
         306   8.4316801326296126E-003   1.7348927530713591E-002           4
         307   7.3688213519626043E-003   1.7790430704603257E-002           4
         308   6.2861307957065094E-003   1.8190665000061154E-002           4
         309   5.3247219176357974E-003   1.8500132585742294E-002           4
         310   4.3582936126695705E-003   1.8763311312758407E-002           4
         311   3.3961264629547338E-003   1.8978844791234725E-002           4
         312   2.4488993155217026E-003   1.9146223637502256E-002           4
         313   1.5282900734863935E-003   1.9265859616071471E-002           4
         314   6.4630094421147457E-004   1.9339052881267832E-002           4
         315  -1.8559960824863800E-004   1.9367825581379620E-002           4
         316  -9.5733594209308347E-004   1.9354629610767508E-002           4
         317  -1.6608806587161073E-003   1.9301975705084001E-002           4
         318  -2.2905664297298801E-003   1.9212053752303105E-002           4
         319  -2.8430300615177539E-003   1.9086408290867406E-002           4
         320  -3.6879563474151024E-003   1.8578839961697409E-002           4
         321  -4.4548904697606535E-003   1.8032456562526458E-002           4
         322  -5.1486196864832350E-003   1.7440369050877754E-002           4
         323  -5.7768485791726554E-003   1.6793088933506690E-002           4
         324  -6.3488535417340593E-003   1.6079419260474698E-002           4
         325  -6.8742244299429727E-003   1.5287692588920532E-002           4
         326  -7.3617504442574236E-003   1.4407391693716709E-002           4
         327  -7.8184668946506015E-003   1.3431117149604264E-002           4
         328  -8.2489402587535340E-003   1.2356619864345907E-002           4
         329  -8.6549676535064603E-003   1.1188267387788000E-002           4
         330  -9.0358779762463610E-003   9.9371457965134209E-003           4
         331  -8.8558573103820638E-003   8.9066538720481859E-003           4
         332  -8.6478321989287236E-003   7.8234922064896427E-003           4
         333  -8.4133816713947377E-003   6.7027535407729304E-003           4
         334  -8.1564957823823305E-003   5.5591399819864273E-003           4
         335  -7.8833692409013504E-003   4.4056013137793110E-003           4
         336  -7.6017814827917876E-003   3.2523099715362387E-003           4
         337  -7.3201211377740012E-003   2.1060588982980055E-003           4
         338  -7.0462114054108431E-003   9.7014219606461800E-004           4
         339  -6.7861730933002507E-003  -1.5523118918864306E-004           4
         340  -6.5435740394447451E-003  -1.2720116456623044E-003           4
         341  -6.3190402312057626E-003  -2.3830225406073252E-003           4
         342  -6.0183955213473370E-003  -3.3439999878614756E-003           4
         343  -5.7311736981114653E-003  -4.3030319248572564E-003           4
         344  -5.4533905093268609E-003  -5.2600224264643071E-003           4
         345  -5.1801779826656843E-003  -6.2129325738122876E-003           4
         346  -4.9064417240817478E-003  -7.1578020180844224E-003           4
         347  -4.6274207841110072E-003  -8.0890841141798009E-003           4
         348  -4.3390825824674651E-003  -9.0001748736698878E-003           4
         349  -4.0383318826698062E-003  -9.8839922566479593E-003           4
         350  -3.7230551120703784E-003  -1.0733485418218674E-002           4
         351  -3.3920474091747302E-003  -1.1542005521711514E-002           4
         352  -3.0448759084493559E-003  -1.2303524369270902E-002           4
         353  -2.3274771513246166E-003  -1.2997612911453450E-002           4
         354  -1.5961522358929011E-003  -1.3635201058189427E-002           4
         355  -8.5328565540491205E-004  -1.4212540199445893E-002           4
         356  -1.0151241000412565E-004  -1.4726346796922474E-002           4
         357   6.5635358191199616E-004  -1.5173804462198206E-002           4
         358   1.4173793129522512E-003  -1.5552548953582084E-002           4
         359   2.1785604596755550E-003  -1.5860645352002840E-002           4
         360   2.9368586383026218E-003  -1.6096563437468292E-002           4
         361   3.6892303198288647E-003  -1.6259154613940639E-002           4
         362   4.4326495424971343E-003  -1.6347631870549779E-002           4
         363   5.1641262272731411E-003  -1.6361553146991163E-002           4
         364   5.9441996208402723E-003  -1.5690312582514500E-002           4
         365   6.7063244588263793E-003  -1.4947259966717242E-002           4
         366   7.4475704340351946E-003  -1.4135648947245848E-002           4
         367   8.1651893826006888E-003  -1.3259155634732837E-002           4
         368   8.8566702679259684E-003  -1.2321907755095141E-002           4
         369   9.5198043924474961E-003  -1.1328521724885122E-002           4
         370   1.0152761050044399E-002  -1.0284150291226129E-002           4
         371   1.0754174303434077E-002  -9.1945417223323299E-003           4
         372   1.1323242927469250E-002  -8.0661037998129258E-003           4
         373   1.1859846060985517E-002  -6.9059477978481191E-003           4
         374   1.2364672168641294E-002  -5.7218594922138245E-003           4
         375   1.3092025129535471E-002  -5.0278745309946622E-003           4
         376   1.3787321121812563E-002  -4.3208645546068906E-003           4
         377   1.4448871719011170E-002  -3.6032625107998780E-003           4
         378   1.5075161152385125E-002  -2.8772339088014116E-003           4
         379   1.5664778725768404E-002  -2.1446395500809407E-003           4
         380   1.6216341041698289E-002  -1.4070395061522415E-003           4
         381   1.6728421837673996E-002  -6.6573465053185068E-004           4
         382   1.7199503239654600E-002   7.8165161077139997E-005           4
         383   1.7627955713143139E-002   8.2366043194539052E-004           4
         384   1.8012047229617145E-002   1.5697825271805356E-003           4
         385   1.8349976884349337E-002   2.3155258221018052E-003           4
         386   1.8781581900176619E-002   1.4123215502614248E-003           4
         387   1.9159057818524786E-002   5.1100999634367769E-004           4
         388   1.9477284706980923E-002  -3.8465653973091381E-004           4
         389   1.9732176595261320E-002  -1.2707649371872442E-003           4
         390   1.9920602151478947E-002  -2.1433960815734148E-003           4
         391   2.0040267232780962E-002  -2.9987184668833398E-003           4
         392   2.0089591800411036E-002  -3.8330379128871665E-003           4
         393   2.0067599120576846E-002  -4.6428197854559723E-003           4
         394   1.9973824406650614E-002  -5.4246961929988969E-003           4
         395   1.9808243584844350E-002  -6.1754663733647889E-003           4
         396   1.9571219739149000E-002  -6.8920950654127724E-003           4
         397   1.9168387294892147E-002  -7.8153878670843523E-003           4
         398   1.8696170650560888E-002  -8.6979874749139319E-003           4
         399   1.8156237572620918E-002  -9.5363826149052235E-003           4
         400   1.7550554783268769E-002  -1.0327240915164246E-002           4
         401   1.6881371000277267E-002  -1.1067418179336451E-002           5
         402   1.6151202850741963E-002  -1.1753967971922350E-002           5
         403   1.5362822796319521E-002  -1.2384152171644470E-002           5
         404   1.4519248101535903E-002  -1.2955450698872330E-002           5
         405   1.3623730599383968E-002  -1.3465573734338463E-002           5
         406   1.2679746404276885E-002  -1.3912474002702549E-002           5
         407   1.1690985172699507E-002  -1.4294359957480476E-002           5
         408   1.0661672813757029E-002  -1.4325892302889021E-002           5
         409   9.5955773976609555E-003  -1.4290826209627749E-002           5
         410   8.4970137654896017E-003  -1.4189477218955346E-002           5
         411   7.3704971288636092E-003  -1.4022595001377498E-002           5
         412   6.2207190575386479E-003  -1.3791431660421611E-002           5
         413   5.0525026182515025E-003  -1.3497816710951342E-002           5
         414   3.8707262128849836E-003  -1.3144224735487566E-002           5
         415   2.6802078961283091E-003  -1.2733810706693906E-002           5
         416   1.4855513629117869E-003  -1.2270378336392777E-002           5
         417   2.9097307140216107E-004  -1.1758245843283935E-002           5
         418  -8.9984634856715413E-004  -1.1201989488446360E-002           5
         419  -1.9009733108400677E-003  -1.1295749226633598E-002           5
         420  -2.8919116441371330E-003  -1.1347378598179428E-002           5
         421  -3.8690039873176952E-003  -1.1354577472570236E-002           5
         422  -4.8283534390552579E-003  -1.1315343276847316E-002           5
         423  -5.7659108000575167E-003  -1.1228054010326156E-002           5
         424  -6.6775644654060865E-003  -1.1091514709253751E-002           5
         425  -7.5592224886965780E-003  -1.0904972530469542E-002           5
         426  -8.4068811780680583E-003  -1.0668108390412842E-002           5
         427  -9.2166786365670585E-003  -1.0381013440162847E-002           5
         428  -9.9849343561746635E-003  -1.0044157465429995E-002           5
         429  -1.0708177338653018E-002  -9.6583544551794472E-003           5
         430  -1.1454577396037823E-002  -8.9799933985609138E-003           5
         431  -1.2149533979118938E-002  -8.2562099964740114E-003           5
         432  -1.2790064468806366E-002  -7.4896106861693564E-003           5
         433  -1.3373409526184267E-002  -6.6829934589973531E-003           5
         434  -1.3897048050316640E-002  -5.8393320894251045E-003           5
         435  -1.4358710072977199E-002  -4.9617596189428896E-003           5
         436  -1.4756387815319898E-002  -4.0535515883666764E-003           5
         437  -1.5088345216294333E-002  -3.1181095553349425E-003           5
         438  -1.5353126376749588E-002  -2.1589455994599238E-003           5
         439  -1.5549563614416525E-002  -1.1796688831421927E-003           5
         440  -1.5676786297552550E-002  -1.8397601387848918E-004           5
         441  -1.5729369350349066E-002   8.2949874638562075E-004           5
         442  -1.5711963763996459E-002   1.8517144678933553E-003           5
         443  -1.5624713883707357E-002   2.8786561287836858E-003           5
         444  -1.5468171369432749E-002   3.9061312628685795E-003           5
         445  -1.5243378179347162E-002   4.9296726830093526E-003           5
         446  -1.4951994116424885E-002   5.9443897568699153E-003           5
         447  -1.4596476536752877E-002   6.9447660921829494E-003           5
         448  -1.4180303691289293E-002   7.9244219365122576E-003           5
         449  -1.3708201045421897E-002   8.8758937724045649E-003           5
         450  -1.3186284379391551E-002   9.7905239935447905E-003           5
         451  -1.2621993116123309E-002   1.0658577150500875E-002           5
         452  -1.1681028497777000E-002   1.1040364249755364E-002           5
         453  -1.0712911199028768E-002   1.1355830022726256E-002           5
         454  -9.7221192588821392E-003   1.1595998292580343E-002           5
         455  -8.7098963702909211E-003   1.1753243458969973E-002           5
         456  -7.6741393367225465E-003   1.1822280466352886E-002           5
         457  -6.6102637461806571E-003   1.1801079014033596E-002           5
         458  -5.5130090539166629E-003   1.1691643738832627E-002           5
         459  -4.3788415129192666E-003   1.1500584545582258E-002           5
         460  -3.2083385439079883E-003   1.1239318904377063E-002           5
         461  -2.0077813374133791E-003   1.0923684596638233E-002           5
         462  -7.8930416467283950E-004   1.0572803606486221E-002           5
         463   8.0932200913630869E-005   1.0049779470608762E-002           5
         464   9.3665638900407517E-004   9.5304663943698506E-003           5
         465   1.7632378933614241E-003   9.0314952437116590E-003           5
         466   2.5489201217227392E-003   8.5663238092143022E-003           5
         467   3.2857677426741294E-003   8.1443692048236791E-003           5
         468   3.9698606721621892E-003   7.7708354862013780E-003           5
         469   4.6008571199250819E-003   7.4471552541584152E-003           5
         470   5.1811930690898759E-003   7.1717993188912055E-003           5
         471   5.7151935344185965E-003   6.9411821878065721E-003           5
         472   6.2082857723789646E-003   6.7504684377114842E-003           5
         473   6.6663997221690901E-003   6.5941897430793857E-003           5
         474   6.9948164650759205E-003   7.5595869846963827E-003           5
         475   7.2867677322640137E-003   8.5536611321143288E-003           5
         476   7.5335818809627404E-003   9.5723931013983639E-003           5
         477   7.7256119445583043E-003   1.0608592677417187E-002           5
         478   7.8528841277373564E-003   1.1653587795112703E-002           5
         479   7.9061372571920686E-003   1.2699287929519293E-002           5
         480   7.8780060860990618E-003   1.3739772623801142E-002           5
         481   7.7640634598032032E-003   1.4771755289104078E-002           5
         482   7.5635218883797406E-003   1.5793847037870734E-002           5
         483   7.2794976992127114E-003   1.6805094750851034E-002           5
         484   6.9187946125413013E-003   1.7803505131352683E-002           5
         485   6.7828534500182025E-003   1.8800866189697722E-002           5
         486   6.5884225736718271E-003   1.9777573768975269E-002           5
         487   6.3444966233085738E-003   2.0728150984988879E-002           5
         488   6.0598458442050231E-003   2.1646024515827717E-002           5
         489   5.7424178491251648E-003   2.2524243243313761E-002           5
         490   5.3990185008116823E-003   2.3356141940434096E-002           5
         491   5.0352470841471412E-003   2.4135785542901186E-002           5
         492   4.6556093290660971E-003   2.4858166908839307E-002           5
         493   4.2637204062752959E-003   2.5519216761562883E-002           5
         494   3.8625277377709313E-003   2.6115708740775446E-002           5
         495   3.4545115006085528E-003   2.6645127936129581E-002           5
         496   3.1907521122612665E-003   2.7587186425922991E-002           5
         497   2.9229901340855594E-003   2.8456762919560476E-002           5
         498   2.6518301238940231E-003   2.9250952947166522E-002           5
         499   2.3779246353344673E-003   2.9967346462778915E-002           5
         500   2.1020057543259213E-003   3.0603955411766574E-002           5
         501   1.8248859187021548E-003   3.1159152237492511E-002           6
         502   1.5474457806403247E-003   3.1631619427201788E-002           6
         503   1.2706186435767503E-003   3.2020309225482192E-002           6
         504   9.9537587105751881E-004   3.2324412427594221E-002           6
         505   7.2271490143843015E-004   3.2543335280364481E-002           6
         506   4.5365022853550838E-004   3.2676683795949998E-002           6
         507  -2.3191550485359908E-005   3.3523980412213959E-002           6
         508  -4.9378282209384971E-004   3.4283871617278555E-002           6
         509  -9.5646006372802233E-004   3.4955044702083625E-002           6
         510  -1.4095559078190184E-003   3.5536450828682981E-002           6
         511  -1.8514206155638196E-003   3.6027262481694168E-002           6
         512  -2.2804366596587853E-003   3.6426839416097020E-002           6
         513  -2.6950286785917149E-003   3.6734701985547590E-002           6
         514  -3.0936704642011018E-003   3.6950510759464442E-002           6
         515  -3.4748900942340841E-003   3.7074051579418101E-002           6
         516  -3.8372739189793700E-003   3.7105225501604569E-002           6
         517  -4.1794698429790823E-003   3.7044043363441463E-002           6
         518  -5.1107770036899619E-003   3.6631089845776815E-002           6
         519  -6.0170675935658380E-003   3.6126559152015916E-002           6
         520  -6.8948772793034976E-003   3.5531306006118396E-002           6
         521  -7.7408356756758752E-003   3.4846424176804391E-002           6
         522  -8.5516912283555881E-003   3.4073308949262734E-002           6
         523  -9.3243500459705055E-003   3.3213745640523602E-002           6
         524  -1.0055939160290617E-002   3.2270030929578440E-002           6
         525  -1.0743909917323448E-002   3.1245129183954778E-002           6
         526  -1.1386201724265844E-002   3.0142852229807580E-002           6
         527  -1.1981485239008634E-002   2.8968022706375506E-002           6
         528  -1.2529488015121529E-002   2.7726537044556424E-002           6
         529  -1.2495987840624017E-002   2.6685715384173206E-002           6
         530  -1.2420454292486199E-002   2.5592721084544284E-002           6
         531  -1.2308710546058478E-002   2.4456230440990732E-002           6
         532  -1.2168370046046737E-002   2.3285035340595998E-002           6
         533  -1.2008524867822577E-002   2.2086544806620985E-002           6
         534  -1.1838954136836857E-002   2.0864875816160654E-002           6
         535  -1.1668900725530772E-002   1.9619078576814199E-002           6
         536  -1.1505636871906344E-002   1.8342228637346622E-002           6
         537  -1.1353128167379033E-002   1.7022015245712958E-002           6
         538  -1.1211092239078010E-002   1.5643102867700993E-002           6
         539  -1.1074713267805307E-002   1.4191039766228345E-002           6
         540  -1.0821327607107535E-002   1.3170891163838924E-002           6
         541  -1.0557599756823039E-002   1.2066368137943428E-002           6
         542  -1.0275840855134407E-002   1.0880223590235790E-002           6
         543  -9.9691551714351425E-003   9.6207334062922232E-003           6
         544  -9.6327657979578922E-003   8.3010119143051616E-003           6
         545  -9.2651284154558009E-003   6.9371855361828232E-003           6
         546  -8.8685303602805722E-003   5.5460125474266269E-003           6
         547  -8.4489923984075906E-003   4.1426447004020263E-003           6
         548  -8.0154058680219631E-003   2.7389318985249515E-003           6
         549  -7.5779549046119830E-003   1.3423907388606430E-003           6
         550  -7.1460820470469356E-003  -4.4040159832514654E-005           6
         551  -6.8545814965349332E-003  -1.0055708598474917E-003           6
         552  -6.5776965603542925E-003  -1.9598845762109620E-003           6
         553  -6.3155505115642420E-003  -2.9091698674048182E-003           6
         554  -6.0662593338929984E-003  -3.8549844643530201E-003           6
         555  -5.8263496142317711E-003  -4.7975877885091875E-003           6
         556  -5.5913215409828165E-003  -5.7355451853034669E-003           6
         557  -5.3562522762583007E-003  -6.6656528235836537E-003           6
         558  -5.1163429624774695E-003  -7.5831563333397011E-003           6
         559  -4.8673385551932322E-003  -8.4821732571254572E-003           6
         560  -4.6057871838493325E-003  -9.3561991303912594E-003           6
         561  -4.3291440389616352E-003  -1.0198585899724584E-002           6
         562  -3.9900697874456987E-003  -1.1134888478006989E-002           6
         563  -3.6332823163341380E-003  -1.2026246092602553E-002           6
         564  -3.2586382444435742E-003  -1.2866492729237277E-002           6
         565  -2.8666267245177038E-003  -1.3650250047639314E-002           6
         566  -2.4582018946907045E-003  -1.4372898140144827E-002           6
         567  -2.0346501552379174E-003  -1.5030503294110978E-002           6
         568  -1.5974925641662645E-003  -1.5619735552900299E-002           6
         569  -1.1484166961170633E-003  -1.6137793756531439E-002           6
         570  -6.8923088867341793E-004  -1.6582345068198667E-002           6
         571  -2.2183464039326995E-004  -1.6951479927904772E-002           6
         572   2.5179946595483893E-004  -1.7243680673400954E-002           6
         573   1.1463531587076021E-003  -1.7679556298792819E-002           6
         574   2.0411665574922092E-003  -1.8035767907412261E-002           6
         575   2.9321571183011982E-003  -1.8311196212827969E-002           6
         576   3.8150770934042202E-003  -1.8505218557670781E-002           6
         577   4.6854757779229862E-003  -1.8617757606819715E-002           6
         578   5.5386503959030404E-003  -1.8649347893585994E-002           6
         579   6.3695891249721925E-003  -1.8601218861152971E-002           6
         580   7.1729127322168384E-003  -1.8475388532672242E-002           6
         581   7.9428252682143125E-003  -1.8274754775895515E-002           6
         582   8.6730883959900869E-003  -1.8003161457301714E-002           6
         583   9.3570364295760110E-003  -1.7665406374940611E-002           6
         584   1.0212467311295388E-002  -1.7141275996413727E-002           6
         585   1.1004819219934318E-002  -1.6565205801701850E-002           6
         586   1.1724508519683085E-002  -1.5946156223886909E-002           6
         587   1.2362803022602271E-002  -1.5292453884477065E-002           6
         588   1.2912436411134745E-002  -1.4610617622440619E-002           6
         589   1.3367964505972508E-002  -1.3904305173028115E-002           6
         590   1.3725780584095270E-002  -1.3173609222392121E-002           6
         591   1.3983839864888744E-002  -1.2414820251905313E-002           6
         592   1.4141244325147127E-002  -1.1620667389576959E-002           6
         593   1.4197877342009399E-002  -1.0781015390594631E-002           6
         594   1.4154266070706132E-002  -9.8840411821000951E-003           6
         595   1.4004377062134778E-002  -8.8435530834796213E-003           6
         596   1.3758928652577969E-002  -7.7240976432659302E-003           6
         597   1.3424188360672553E-002  -6.5220264341018450E-003           6
         598   1.3010535003934962E-002  -5.2428152168539788E-003           6
         599   1.2533087567931063E-002  -3.9021896652287730E-003           6
         600   1.2011308797744636E-002  -2.5243409488192830E-003           6
         601   1.1467301906493818E-002  -1.1372253284804975E-003           7
         602   1.0922866376166093E-002   2.3369127113910323E-004           7
         603   1.0395860986992040E-002   1.5711100506594735E-003           7
         604   9.8969740425248216E-003   2.8689876438496675E-003           7
         605   9.4280311157083907E-003   4.1321116230819506E-003           7
         606   9.6836235897677560E-003   5.1019428831968888E-003           7
         607   9.9567063294412443E-003   6.0557279063864636E-003           7
         608   1.0240075739687587E-002   6.9967135081572063E-003           7
         609   1.0525124417186078E-002   7.9243888204742190E-003           7
         610   1.0802223079480443E-002   8.8348041222204750E-003           7
         611   1.1061338407640633E-002   9.7217901239816298E-003           7
         612   1.1292767375287439E-002   1.0578738071448480E-002           7
         613   1.1487776092378520E-002   1.1400376367124944E-002           7
         614   1.1638961340233678E-002   1.2184020002666100E-002           7
         615   1.1740280113490240E-002   1.2930050340380909E-002           7
         616   1.1786823503485113E-002   1.3641701831251051E-002           7
         617   1.1815001356190583E-002   1.4636534319751678E-002           7
         618   1.1780052575273654E-002   1.5612393042688305E-002           7
         619   1.1679161949248828E-002   1.6579954501736313E-002           7
         620   1.1510784180822128E-002   1.7548395027677178E-002           7
         621   1.1274751806151626E-002   1.8523464737890863E-002           7
         622   1.0972565868867284E-002   1.9506085599351356E-002           7
         623   1.0607723911360285E-002   2.0491715614736963E-002           7
         624   1.0185926401430134E-002   2.1470637812825769E-002           7
         625   9.7150550517587694E-003   2.2429104628129540E-002           7
         626   9.2049029382487591E-003   2.3350999508253364E-002           7
         627   8.6666934914074647E-003   2.4219561669733384E-002           7
         628   7.9592093772338970E-003   2.4914831908425725E-002           7
         629   7.2476997829651803E-003   2.5526148944944173E-002           7
         630   6.5431240283291810E-003   2.6040872727035112E-002           7
         631   5.8542679560565775E-003   2.6448667141004342E-002           7
         632   5.1869919836643116E-003   2.6741483730711897E-002           7
         633   4.5439737221334665E-003   2.6913286773370817E-002           7
         634   3.9249415359061124E-003   2.6959643020387676E-002           7
         635   3.3272853506633305E-003   2.6877352823857333E-002           7
         636   2.7469085720722925E-003   2.6664297812283078E-002           7
         637   2.1792264287852237E-003   2.6319632533935624E-002           7
         638   1.6202635228297544E-003   2.5844362835711530E-002           7
         639   8.9764750043473500E-004   2.5077271020891925E-002           7
         640   1.8279248931307309E-004   2.4193304281414571E-002           7
         641  -5.1755478101692186E-004   2.3208054858487696E-002           7
         642  -1.1915385223036656E-003   2.2140785744051983E-002           7
         643  -1.8241468762698896E-003   2.1010571114074766E-002           7
         644  -2.4002499903779768E-003   1.9831624021332862E-002           7
         645  -2.9076871714543702E-003   1.8609638743981739E-002           7
         646  -3.3394093686978325E-003   1.7340720686269604E-002           7
         647  -3.6942684544973041E-003   1.6013495132766568E-002           7
         648  -3.9766724628543526E-003   1.4613958095858385E-002           7
         649  -4.1955828734039375E-003   1.3131857502319433E-002           7
         650  -5.0801014826764848E-003   1.3530377284061314E-002           7
         651  -5.9138518166227836E-003   1.3837871306127786E-002           7
         652  -6.7017482452590279E-003   1.4049968400699079E-002           7
         653  -7.4514231656667394E-003   1.4164861520989258E-002           7
         654  -8.1715477176907570E-003   1.4182420139171927E-002           7
         655  -8.8704189861625454E-003   1.4103584246487182E-002           7
         656  -9.5548625392902920E-003   1.3930084397023685E-002           7
         657  -1.0229432216662457E-002   1.3664436094496968E-002           7
         658  -1.0895899829789358E-002   1.3310102295323875E-002           7
         659  -1.1553062959458186E-002   1.2871691376473806E-002           7
         660  -1.2196910275477183E-002   1.2355059217399213E-002           7
         661  -1.3116032375604297E-002   1.1920573867018397E-002           7
         662  -1.4007031958960999E-002   1.1424077914486531E-002           7
         663  -1.4860096928070252E-002   1.0874549055312715E-002           7
         664  -1.5665453088461432E-002   1.0280220509616982E-002           7
         665  -1.6414280107934099E-002   9.6482934360281707E-003           7
         666  -1.7099144646918276E-002   8.9848881891836600E-003           7
         667  -1.7714059617210922E-002   8.2951637453896436E-003           7
         668  -1.8254333163940820E-002   7.5835162010235158E-003           7
         669  -1.8716344198172908E-002   6.8537864479195623E-003           7
         670  -1.9097326397457936E-002   6.1094381850875026E-003           7
         671  -1.9395195036885401E-002   5.3536930834639498E-003           7
         672  -1.9675111634311505E-002   4.3913144810685941E-003           7
         673  -1.9869030084712556E-002   3.4243676384604102E-003           7
         674  -1.9976056633078512E-002   2.4565297408446836E-003           7
         675  -1.9995706102401496E-002   1.4914342553444247E-003           7
         676  -1.9927871133712811E-002   5.3268630875021332E-004           7
         677  -1.9772805058716519E-002  -4.1613349510841543E-004           7
         678  -1.9531112366059481E-002  -1.3514722882901722E-003           7
         679  -1.9203743266538616E-002  -2.2698124329952898E-003           7
         680  -1.8791990425042218E-002  -3.1676817380172852E-003           7
         681  -1.8297486840411662E-002  -4.0416655979303153E-003           7
         682  -1.7722204374822484E-002  -4.8884207442497383E-003           7
         683  -1.8135340321568386E-002  -5.7772676133799866E-003           7
         684  -1.8468499798662247E-002  -6.6323064984210546E-003           7
         685  -1.8720531736442062E-002  -7.4503558985450366E-003           7
         686  -1.8890622415965126E-002  -8.2283818594909037E-003           7
         687  -1.8978282348154921E-002  -8.9635037540996762E-003           7
         688  -1.8983336514076243E-002  -9.6529996845944391E-003           7
         689  -1.8905916627022089E-002  -1.0294311600419135E-002           7
         690  -1.8746454706160268E-002  -1.0885050224158362E-002           7
         691  -1.8505677601026404E-002  -1.1422999892888867E-002           7
         692  -1.8184602284270188E-002  -1.1906123433939226E-002           7
         693  -1.7784531810356909E-002  -1.2332567198025014E-002           7
         694  -1.6996414261308487E-002  -1.2981920771757562E-002           7
         695  -1.6133982493311615E-002  -1.3570351295823341E-002           7
         696  -1.5200621936327815E-002  -1.4095489315334608E-002           7
         697  -1.4200001091668316E-002  -1.4555186654215143E-002           7
         698  -1.3136063762889751E-002  -1.4947529353643480E-002           7
         699  -1.2013020499116059E-002  -1.5270851569790075E-002           7
         700  -1.0835339094294188E-002  -1.5523750878711974E-002           7
         701  -9.6077338911694354E-003  -1.5705105624192750E-002           8
         702  -8.3351534302197085E-003  -1.5814095107657869E-002           8
         703  -7.0227676068711905E-003  -1.5850224874586760E-002           8
         704  -5.6759483068727166E-003  -1.5813354135124941E-002           8
         705  -4.7166873171951198E-003  -1.5417353703772382E-002           8
         706  -3.7325918623598684E-003  -1.4950449719781773E-002           8
         707  -2.7279068405170804E-003  -1.4415084656047961E-002           8
         708  -1.7070942286431393E-003  -1.3814454679133156E-002           8
         709  -6.7486379647198347E-004  -1.3152727075597441E-002           8
         710   3.6376857969093706E-004  -1.2435307907454691E-002           8
         711   1.4033727475795494E-003  -1.1669128305927298E-002           8
         712   2.4379240744234814E-003  -1.0862882737987901E-002           8
         713   3.4605594366944803E-003  -1.0027117974675431E-002           8
         714   4.4633595312485010E-003  -9.1740552097290939E-003           8
         715   5.4373646185584944E-003  -8.3170487427993000E-003           8
         716   5.8801582264661981E-003  -7.4226141776869885E-003           8
         717   6.2809079000591319E-003  -6.5517832820425736E-003           8
         718   6.6371608699263666E-003  -5.7173076689606668E-003           8
         719   6.9478954267666020E-003  -4.9297130444049316E-003           8
         720   7.2134513059473881E-003  -4.1966482572390537E-003           8
         721   7.4353060986776590E-003  -3.5226908149596291E-003           8
         722   7.6157616664786990E-003  -2.9095759813354528E-003           8
         723   7.7576082234809439E-003  -2.3567083532535366E-003           8
         724   7.8638187507970927E-003  -1.8617874332362339E-003           8
         725   7.9373036075732449E-003  -1.4214133136581958E-003           8
         726   7.9807341805726989E-003  -1.0315958243108196E-003           8
         727   7.1655223222142428E-003  -4.3844611585779980E-004           8
         728   6.3217901068195808E-003   1.1241489776286089E-004           8
         729   5.4472978962601462E-003   6.2827662115195332E-004           8
         730   4.5382203418363404E-003   1.1194496058904938E-003           8
         731   3.5891112935468677E-003   1.5988424626091537E-003           8
         732   2.5931221443704871E-003   2.0811807403840975E-003           8
         733   1.5426834567491274E-003   2.5817406204770334E-003           8
         734   4.3087795942918223E-004   3.1144992526193969E-003           8
         735  -7.4641169553971349E-004   3.6897489986433920E-003           8
         736  -1.9879464722322719E-003   4.3115775766735384E-003           8
         737  -3.2852167526891281E-003   4.9760999952106174E-003           8
         738  -4.2035942066670096E-003   5.4552391751859376E-003           8
         739  -5.1484876219034586E-003   5.9536167189697597E-003           8
         740  -6.1054664955539194E-003   6.4578531811808702E-003           8
         741  -7.0609254637759309E-003   6.9542957725025698E-003           8
         742  -8.0033917236835769E-003   7.4303932434059928E-003           8
         743  -8.9241186143057764E-003   7.8757042120793756E-003           8
         744  -9.8169537335506471E-003   8.2824263282865809E-003           8
         745  -1.0677714951049033E-002   8.6454736132434568E-003           8
         746  -1.1503386413661700E-002   8.9622088424987194E-003           8
         747  -1.2291392147756743E-002   9.2319675207946164E-003           8
         748  -1.3039091637845208E-002   9.4555049140536244E-003           8
         749  -1.3991679010466872E-002   9.7032508345964354E-003           8
         750  -1.4896484392802266E-002   9.9092561620662961E-003           8
         751  -1.5748507598974504E-002   1.0076451799018990E-002           8
         752  -1.6542577774134228E-002   1.0207509690252020E-002           8
         753  -1.7273662939205604E-002   1.0304685105919640E-002           8
         754  -1.7937103487685579E-002   1.0369794336873244E-002           8
         755  -1.8528750121780135E-002   1.0404266662353711E-002           8
         756  -1.9045021134739541E-002   1.0409225505114578E-002           8
         757  -1.9482905827366098E-002   1.0385571590141023E-002           8
         758  -1.9839939036415368E-002   1.0334055024164087E-002           8
         759  -2.0114164674153851E-002   1.0255332143718243E-002           8
         760  -2.0432846440663975E-002   9.2976688548653368E-003           8
         761  -2.0664827682647560E-002   8.3172406317780900E-003           8
         762  -2.0808420528670105E-002   7.3178400134934971E-003           8
         763  -2.0862533250218765E-002   6.3032395603822436E-003           8
         764  -2.0826584292524656E-002   5.2772113919237907E-003           8
         765  -2.0700445618131835E-002   4.2435402587175895E-003           8
         766  -2.0484406683333258E-002   3.2060302337331629E-003           8
         767  -2.0179152374675477E-002   2.1685058403205092E-003           8
         768  -1.9785750200566686E-002   1.1348085461770985E-003           8
         769  -1.9305643651723450E-002   1.0878936924022347E-004           8
         770  -1.8740649874311517E-002  -9.0570197555677444E-004           8
         771  -1.7876986780900581E-002  -1.4860807880547118E-003           8
         772  -1.6934038695867300E-002  -2.0488721581240713E-003           8
         773  -1.5915679712525097E-002  -2.5919182632945861E-003           8
         774  -1.4826330302786961E-002  -3.1131697994419413E-003           8
         775  -1.3671090302233546E-002  -3.6107587961812706E-003           8
         776  -1.2455931640715142E-002  -4.0831270595383072E-003           8
         777  -1.1187934887678547E-002  -4.5292407221423584E-003           8
         778  -9.8754990957983704E-003  -4.9489158370923762E-003           8
         779  -8.5283768993970940E-003  -5.3432452814913354E-003           8
         780  -7.1573318857492407E-003  -5.7150409755070200E-003           8
         781  -5.7732706425758871E-003  -6.0691043284353948E-003           8
         782  -4.7608214835321893E-003  -6.0801422018785072E-003           8
         783  -3.7525466705927435E-003  -6.0875012982973594E-003           8
         784  -2.7543959085122331E-003  -6.0992663832720243E-003           8
         785  -1.7704072770945137E-003  -6.1236333310636781E-003           8
         786  -8.0267441107390893E-004  -6.1682812576487204E-003           8
         787   1.4825393472961336E-004  -6.2397857526725036E-003           8
         788   1.0826209635607462E-003  -6.3431587609035769E-003           8
         789   2.0005366587767135E-003  -6.4815636024528316E-003           8
         790   2.9011040902647296E-003  -6.6562168902821054E-003           8
         791   3.7817976136789709E-003  -6.8664595467971216E-003           8
         792   4.6382131315101643E-003  -7.1099562807420353E-003           8
         793   5.6105338753139672E-003  -7.3410216167087029E-003           8
         794   6.5435610924981843E-003  -7.5972936582311837E-003           8
         795   7.4274412676776464E-003  -7.8734183053833576E-003           8
         796   8.2521399888030797E-003  -8.1632481693365132E-003           8
         797   9.0081146867926707E-003  -8.4601307745829392E-003           8
         798   9.6868036514661839E-003  -8.7572783363602559E-003           8
         799   1.0280938105877659E-002  -9.0481958369164513E-003           8
         800   1.0784685640673336E-002  -9.3270860924178720E-003           8
         801   1.1193629499286283E-002  -9.5891431998990986E-003           9
         802   1.1504605439938670E-002  -9.8306858053872435E-003           9
         803   1.1715477208035457E-002  -1.0049127205009632E-002           9
         804   1.2284889174379381E-002  -1.0835135114169978E-002           9
         805   1.2749741166137680E-002  -1.1594072343222100E-002           9
         806   1.3109778171047177E-002  -1.2327185349961106E-002           9
         807   1.3366743586438900E-002  -1.3037789533520383E-002           9
         808   1.3523582691040686E-002  -1.3729736645788214E-002           9
         809   1.3583831446693168E-002  -1.4406171428933629E-002           9
         810   1.3551263055804581E-002  -1.5068669970261017E-002           9
         811   1.3429759365925385E-002  -1.5716755296716844E-002           9
         812   1.3223328729278361E-002  -1.6347754143900731E-002           9
         813   1.2936186181045849E-002  -1.6956948781797453E-002           9
         814   1.2572827815695053E-002  -1.7537963581674532E-002           9
         815   1.1690112252130456E-002  -1.8072024904211208E-002           9
         816   1.0742637409518701E-002  -1.8559347776350665E-002           9
         817   9.7383039296027006E-003  -1.8989478121442877E-002           9
         818   8.6855594763898328E-003  -1.9353337085489853E-002           9
         819   7.5928460346588959E-003  -1.9643623057015801E-002           9
         820   6.4683016435628116E-003  -1.9854890302528429E-002           9
         821   5.3197379320185220E-003  -1.9983425185202384E-002           9
         822   4.1548603456382765E-003  -2.0027057812114332E-002           9
         823   2.9816753462627741E-003  -1.9985017223242720E-002           9
         824   1.8090131046780390E-003  -1.9857885723297167E-002           9
         825   6.4705628666007189E-004  -1.9647643018136689E-002           9
         826  -2.6083187436920215E-004  -1.9186953301328222E-002           9
         827  -1.1345712839402492E-003  -1.8650814359151491E-002           9
         828  -1.9615761897775223E-003  -1.8043595234191988E-002           9
         829  -2.7290959708573086E-003  -1.7368904031773744E-002           9
         830  -3.4254333508079741E-003  -1.6628491833620231E-002           9
         831  -4.0412325975529122E-003  -1.5821269021027838E-002           9
         832  -4.5705094754036361E-003  -1.4942844827801425E-002           9
         833  -5.0112110933277420E-003  -1.3985952860295858E-002           9
         834  -5.3652890940187161E-003  -1.2941957102781078E-002           9
         835  -5.6384065784602574E-003  -1.1803378169241074E-002           9
         836  -5.8394178233068944E-003  -1.0567005138389806E-002           9
         837  -5.9650831850545554E-003  -1.1518852742732252E-002           9
         838  -6.0211968962685901E-003  -1.2370680195498715E-002           9
         839  -6.0009200279309552E-003  -1.3121644617672306E-002           9
         840  -5.8990670431366896E-003  -1.3774635350426610E-002           9
         841  -5.7117562334645005E-003  -1.4334654432378675E-002           9
         842  -5.4361821682293969E-003  -1.4807434089016082E-002           9
         843  -5.0705794914252741E-003  -1.5198438983850536E-002           9
         844  -4.6143883217816027E-003  -1.5512245803309697E-002           9
         845  -4.0685807336739710E-003  -1.5752234347079442E-002           9
         846  -3.4360613728772380E-003  -1.5920523751055696E-002           9
         847  -2.7220142124703040E-003  -1.6018103806910905E-002           9
         848  -1.6775666268810240E-003  -1.6066394546771248E-002           9
         849  -5.7249654097073482E-004  -1.6043719395738874E-002           9
         850   5.7792937969488212E-004  -1.5949674784825490E-002           9
         851   1.7580356938751739E-003  -1.5784331957028542E-002           9
         852   2.9528673049282615E-003  -1.5548562911171652E-002           9
         853   4.1485368507194224E-003  -1.5244257918346667E-002           9
         854   5.3318122297811021E-003  -1.4874507806857992E-002           9
         855   6.4892847306469185E-003  -1.4443768071519373E-002           9
         856   7.6066316895717053E-003  -1.3957909832561382E-002           9
         857   8.6684900826021240E-003  -1.3423972958499559E-002           9
         858   9.6592467105232928E-003  -1.2849468051330311E-002           9
         859   1.0600840186395889E-002  -1.2601957312102278E-002           9
         860   1.1446797486705396E-002  -1.2325151300271939E-002           9
         861   1.2190571325411868E-002  -1.2022058211735211E-002           9
         862   1.2829363519292508E-002  -1.1693963349827689E-002           9
         863   1.3363548030654456E-002  -1.1340406251892494E-002           9
         864   1.3795784834825024E-002  -1.0959404922230707E-002           9
         865   1.4130122438621391E-002  -1.0547828332954385E-002           9
         866   1.4371278946929553E-002  -1.0101843141741326E-002           9
         867   1.4524178025866585E-002  -9.6174046806420683E-003           9
         868   1.4593741727277912E-002  -9.0907962446023054E-003           9
         869   1.4584906114594891E-002  -8.5192291053581577E-003           9
         870   1.4473005491629875E-002  -7.4880014224628678E-003           9
         871   1.4298023353893732E-002  -6.4128893135512264E-003           9
         872   1.4072371265892567E-002  -5.3012984451552428E-003           9
         873   1.3810252140408558E-002  -4.1641341543822317E-003           9
         874   1.3526696210494573E-002  -3.0127901179318830E-003           9
         875   1.3236362686428140E-002  -1.8559313910272398E-003           9
         876   1.2952497109251511E-002  -6.9740348454963965E-004           9
         877   1.2686244504609099E-002   4.6408263449138374E-004           9
         878   1.2446236164771822E-002   1.6337033729080666E-003           9
         879   1.2238229682235304E-002   2.8183513764592836E-003           9
         880   1.2064642999813498E-002   4.0241404757032865E-003           9
         881   1.1466422517168178E-002   4.8387945937840475E-003           9
         882   1.0893729633330808E-002   5.6791074603249336E-003           9
         883   1.0335975998021930E-002   6.5464561127676511E-003           9
         884   9.7795473725531875E-003   7.4416800638345514E-003           9
         885   9.2083319888954900E-003   8.3647632237818254E-003           9
         886   8.6047729986394473E-003   9.3146143145463253E-003           9
         887   7.9515630798807063E-003   1.0288934843949478E-002           9
         888   7.2339950649985031E-003   1.1284062152933944E-002           9
         889   6.4427331997827225E-003   1.2294646757579882E-002           9
         890   5.5763805539550083E-003   1.3313176829871416E-002           9
         891   4.6428974187926221E-003   1.4329662867210975E-002           9
         892   3.8927733594072262E-003   1.5027180160513291E-002           9
         893   3.1091764124749001E-003   1.5701090400415105E-002           9
         894   2.3111928546253433E-003   1.6342091862551835E-002           9
         895   1.5183604460067193E-003   1.6941930077057715E-002           9
         896   7.4902112327582791E-004   1.7494190506868224E-002           9
         897   1.9027575825602799E-005   1.7994772812814620E-002           9
         898  -6.5905137454736157E-004   1.8441965670069987E-002           9
         899  -1.2761824474477436E-003   1.8836161721103428E-002           9
         900  -1.8266406910930656E-003   1.9179338749325928E-002           9
         901  -2.3074543859886950E-003   1.9474461110419030E-002          10
         902  -2.7177028564563570E-003   1.9724927941626672E-002          10
         903  -3.2755375655205096E-003   1.8885468290587962E-002          10
         904  -3.7588246466031998E-003   1.8002594719693205E-002          10
         905  -4.1667660177502454E-003   1.7068763648595078E-002          10
         906  -4.5017219045663274E-003   1.6072662035309708E-002          10
         907  -4.7685394792071605E-003   1.5001721724298638E-002          10
         908  -4.9739139649657062E-003   1.3845338314569647E-002          10
         909  -5.1258996213742278E-003   1.2598384079213525E-002          10
         910  -5.2335981721302657E-003   1.1264138868803352E-002          10
         911  -5.3070234472480451E-003   9.8553717659240793E-003          10
         912  -5.3571217701185560E-003   8.3926193335288266E-003          10
         913  -5.3958225811197172E-003   6.8999255829347928E-003          10
         914  -5.4230332485890086E-003   5.8855096905413001E-003          10
         915  -5.4601055390541501E-003   4.8752749325015306E-003          10
         916  -5.5150302958583480E-003   3.8773680678619265E-003          10
         917  -5.5945465369360205E-003   2.8960433918618841E-003          10
         918  -5.7035120023532235E-003   1.9321040584556006E-003          10
         919  -5.8444227803182624E-003   9.8387040598951325E-004          10
         920  -6.0171535886961525E-003   4.8461734106497307E-005          10
         921  -6.2189475469362574E-003  -8.7684286882291451E-004          10
         922  -6.4446529577717217E-003  -1.7933779725748226E-003          10
         923  -6.6871790147403389E-003  -2.7001663172574577E-003          10
         924  -6.9381136106584857E-003  -3.5934002092476614E-003          10
         925  -6.7516873986475968E-003  -4.5769369241543973E-003          10
         926  -6.5589826007024406E-003  -5.5332679330463604E-003          10
         927  -6.3533682781046642E-003  -6.4533689457218386E-003          10
         928  -6.1276431271595983E-003  -7.3269541607015503E-003          10
         929  -5.8743949756152316E-003  -8.1436286392492872E-003          10
         930  -5.5863281264601243E-003  -8.8940771372535542E-003          10
         931  -5.2565954919300698E-003  -9.5710006027229632E-003          10
         932  -4.8791626476054548E-003  -1.0169621180369700E-002          10
         933  -4.4492086103405529E-003  -1.0687733550491383E-002          10
         934  -3.9635455469013980E-003  -1.1125407893419152E-002          10
         935  -3.4210204293608952E-003  -1.1484504406511369E-002          10
         936  -2.3872331117823680E-003  -1.1346495979697193E-002          10
         937  -1.3106200060939406E-003  -1.1143665046258355E-002          10
         938  -2.0729678213893656E-004  -1.0886955662620830E-002          10
         939   9.0451401867646687E-004  -1.0587104013209113E-002          10
         940   2.0054691474953165E-003  -1.0254140668495251E-002          10
         941   3.0758304287087849E-003  -9.8969520572204771E-003          10
         942   4.0961917202623731E-003  -9.5229025797860401E-003          10
         943   5.0484772187854039E-003  -9.1375287587862706E-003          10
         944   5.9171771231396192E-003  -8.7443579699227666E-003          10
         945   6.6904690639603224E-003  -8.3449263529540869E-003          10
         946   7.3608277883191247E-003  -7.9390400328680933E-003          10
         947   8.1621899093932155E-003  -8.4753557696884124E-003          10
         948   8.8514198714513461E-003  -8.9986297970131215E-003          10
         949   9.4261895537405896E-003  -9.5068770465673389E-003          10
         950   9.8865766678509336E-003  -1.0000863751571243E-002          10
         951   1.0233951389989279E-002  -1.0483505957915780E-002          10
         952   1.0470134559303875E-002  -1.0959217026123460E-002          10
         953   1.0596873629013247E-002  -1.1433267339933748E-002          10
         954   1.0615612861489803E-002  -1.1911162884280234E-002          10
         955   1.0527519845262956E-002  -1.2398019507241162E-002          10
         956   1.0333732306755244E-002  -1.2897907087033686E-002          10
         957   1.0035783996056645E-002  -1.3413163398048936E-002          10
         958   1.0490159013062326E-002  -1.4296471948865937E-002          10
         959   1.0850793054214743E-002  -1.5198824330039256E-002          10
         960   1.1125967568791844E-002  -1.6119408130630449E-002          10
         961   1.1323759670131656E-002  -1.7052399290882623E-002          10
         962   1.1451670894396099E-002  -1.7987465607581847E-002          10
         963   1.1516382166509402E-002  -1.8911093873372645E-002          10
         964   1.1523626630290608E-002  -1.9808333328959295E-002          10
         965   1.1478176900992912E-002  -2.0664449195681580E-002          10
         966   1.1383928484782636E-002  -2.1466111982719048E-002          10
         967   1.1244044743203145E-002  -2.2202004271314298E-002          10
         968   1.1061124424808028E-002  -2.2862941893250995E-002          10
         969   1.0299625564910691E-002  -2.3509470624017682E-002          10
         970   9.5012819495084149E-003  -2.4066744630761295E-002          10
         971   8.6699987391126512E-003  -2.4529532915400318E-002          10
         972   7.8096023240524200E-003  -2.4894016759455240E-002          10
         973   6.9238762271087500E-003  -2.5157458100845794E-002          10
         974   6.0166040140492739E-003  -2.5317968003620010E-002          10
         975   5.0916159424868957E-003  -2.5374360898029753E-002          10
         976   4.1528436523551072E-003  -2.5326079420875981E-002          10
         977   3.2043927096491159E-003  -2.5173181315054947E-002          10
         978   2.2506473717907836E-003  -2.4916388963131569E-002          10
         979   1.2964249922005021E-003  -2.4557210332009395E-002          10
         980   3.7015214223974250E-004  -2.4108010967084800E-002          10
         981  -5.4488237138977256E-004  -2.3562595832262855E-002          10
         982  -1.4412259388111896E-003  -2.2926176337639985E-002          10
         983  -2.3099642264834078E-003  -2.2205728697511078E-002          10
         984  -3.1406772608293062E-003  -2.1409928540616682E-002          10
         985  -3.9217973183482769E-003  -2.0548515283742276E-002          10
         986  -4.6414829245721512E-003  -1.9630891064944648E-002          10
         987  -5.2889066008513742E-003  -1.8664059592423329E-002          10
         988  -5.8556028112124641E-003  -1.7650424803818111E-002          10
         989  -6.3364393200918212E-003  -1.6586227163071954E-002          10
         990  -6.7299577983052717E-003  -1.5461314123269308E-002          10
         991  -5.9418905099016964E-003  -1.4740497166435208E-002          10
         992  -5.0653808253439923E-003  -1.3936059736509215E-002          10
         993  -4.1033742854746586E-003  -1.3044192745482462E-002          10
         994  -3.0663464303604146E-003  -1.2067319984439977E-002          10
         995  -1.9720298513452297E-003  -1.1015296745835684E-002          10
         996  -8.4312714853676345E-004  -9.9049309787420901E-003          10
         997   2.9610638946614887E-004  -8.7578946756155813E-003          10
         998   1.4231012560973588E-003  -7.5976441756952428E-003          10
         999   2.5192513063662801E-003  -6.4460381469405737E-003          10
        1000   3.5710278559051719E-003  -5.3204076896218580E-003          10
