           1           1   9.7474307744553450E-004   2.8498449631816610E-004   1.2500000000000000E-003   5.0000000000000001E-003   0.0000000000000000     
         101           2  -7.0928221210108545E-003   1.7725228096984621E-002   1.2500000000000000E-003   5.0000000000000001E-003   2.6495426404647553E-005
         201           3   7.7322161800646794E-003   4.9963381938056290E-003   1.1681443176188207E-003   5.0000000000000001E-003   2.6562438389713620E-005
         301           4   1.3298107055093237E-002   1.4635661351131963E-002   1.2496769813168083E-003   5.0000000000000001E-003   6.4023496592364364E-005
         401           5   1.6881371000277267E-002  -1.1067418179336451E-002   1.2495110382039229E-003   5.0000000000000001E-003   9.7657115195970469E-005
         501           6   1.8248859187021548E-003   3.1159152237492511E-002   1.2480860965498369E-003   5.0000000000000001E-003   9.7687761607777266E-005
         601           7   1.1467301906493818E-002  -1.1372253284804975E-003   1.0892222127218635E-003   5.0000000000000001E-003   9.7695286186633926E-005
         701           8  -9.6077338911694354E-003  -1.5705105624192750E-002   1.2497890622776447E-003   5.0000000000000001E-003   1.1266680339627265E-004
         801           9   1.1193629499286283E-002  -9.5891431998990986E-003   1.0294813643728111E-003   5.0000000000000001E-003   1.2608623008816597E-004
         901          10  -2.3074543859886950E-003   1.9474461110419030E-002   1.0539133532597403E-003   5.0000000000000001E-003   1.2691808596723057E-004
